0000000    141724  120662  000002  000004  000000  000000  000000  000000
0000010    177777  000000  000001  000000  063662  041112  110656  000007
0000020    000106  000000  000106  000000  140000  031237  106101  160000
0000030    130430  126414  000010  000105  034000  000000  000100  010500
0000040    043545  124300  004252  124300  012252  015600  032400  022000
0000050    166605  031020  000001  000400  000000  000000  000000  063406
0000060    067557  066147  001545  067543  000155  010000  000400  063662
0000070    041112  111700  000007  000142  000000  000142  000000  160000
0000080    130430  126414  140000  031237  106101  000010  000105  052000
0000090    166313  000000  010600  037231  124300  012252  124300  004252
00000a0    032400  015600  040000  022707  031020  100201  000400  000400
00000b0    000000  000000  063406  067557  066147  001545  067543  000155
00000c0    010000  000400  006300  010000  000400  000000  007001  010000
00000d0    073017  071475  063160  020061  072160  020162  060477  066154
00000e0    063666  041112  123024  000007  000106  000000  000106  000000
00000f0    140000  031237  106101  160000  130430  126414  000010  000105
0000100    034000  000000  000100  010500  043545  124300  004252  124300
0000110    012252  015600  032400  022000  130236  067767  000001  000400
0000120    000000  000000  000000  063406  067557  066147  001545  067543
0000130    000155  007400  000400  063667  041112  013131  000005  000452
0000140    000000  000452  000000  160000  130430  126414  140000  031237
0000150    106101  000010  000105  016001  135714  000000  010600  123627
0000160    124300  012252  124300  004252  032400  015600  004001  171726
0000170    067767  100201  000400  003000  000000  003000  063406  067557
0000180    066147  001545  067543  000155  007400  000400  006300  007400
0000190    000400  000000  024002  005000  024000  071405  072155  032160
00001a0    006300  006300  007400  000400  000000  024002  005000  005000
00001b0    071405  072155  032560  006300  006300  007400  000400  000000
00001c0    024002  005000  005000  071405  072155  033160  006300  006300
00001d0    007400  000400  000000  024002  005000  005000  071405  072155
00001e0    030560  006300  006300  007400  000400  000000  024002  005000
00001f0    005000  071405  072155  031160  006300  006300  007400  000400
0000200    000000  024002  005000  024000  071405  072155  031560  006300
0000210    025300  000400  000400  000000  054002  002000  167730  015045
0000220    040300  000400  000400  000000  054002  002000  164500  014647
0000230    053300  000400  000400  000000  054002  002000  063102  014411
0000240    066300  000400  000400  000000  054002  002000  167730  014471
0000250    101300  000400  000400  000000  054002  002000  167730  014445
0000260    114300  000400  000400  000000  054002  002000  167730  015071
0000270    063677  041112  143617  000004  000106  000000  000106  000000
0000280    140000  031237  106101  160000  130430  126414  000010  000105
0000290    034000  000000  000100  010500  043545  124300  004252  124300
00002a0    012252  015600  032400  022000  070514  120511  000001  000400
00002b0    000000  000000  000000  063406  067557  066147  001545  067543
00002c0    000155  016400  000400  063677  041112  163237  000006  000106
00002d0    000000  000106  000000  160000  130430  126414  140000  031237
00002e0    106101  000010  000105  034000  146714  000000  010600  074630
00002f0    124300  012252  124300  004252  032400  015600  022000  170313
0000300    120511  100201  000400  000000  000000  000000  063406  067557
0000310    066147  001545  067543  000155  016400  000400  063707  041112
0000320    162551  000004  000125  000000  000125  000000  140000  031237
0000330    106101  160000  130430  126414  000010  000105  043400  000000
0000340    000100  010500  034145  124300  004252  124300  012252  015600
0000350    032400  031400  141027  135633  000001  000400  000000  000000
0000360    000000  030403  032060  034401  030403  031071  033002  003466
0000370    067151  060455  062144  002162  071141  060560  000000  000014
0000380    143401  045147  061502  002347  100400  000000  100400  000000
0000390    000000  014340  006261  000255  117700  040462  004214  042400
00003a0    000000  146563  000033  100000  113421  140360  125250  140024
00003b0    125250  000010  100065  000033  101137  115665  100673  000200
00003c0    000001  000001  000000  001400  030061  000464  001471  034461
00003d0    001062  033066  064407  026556  062141  071144  060404  070162
00003e0    000141  006000  000400  006300  006000  000400  000400  022521
00003f0    020000  033014  026466  034461  026462  026471  030061  001464
0000400    062547  004556  073564  062564  062554  067543  001555  062556
0000410    000164  064016  041112  073577  000012  000112  000000  000112
0000420    000000  140000  031237  106101  160000  130430  126414  000010
0000430    000105  036000  000000  000100  010500  041545  124300  004252
0000440    124300  012252  015600  032400  024000  060657  140165  000001
0000450    000400  000000  000000  000000  073403  073567  067006  072145
0000460    071542  001544  071157  000147  000400  000400  064016  041112
0000470    033216  000013  000132  000000  000132  000000  160000  130430
0000480    126414  140000  031237  106101  000010  000105  046000  174717
0000490    000000  010600  034625  124300  012252  124300  004252  032400
00004a0    015600  034000  013643  140165  100201  000400  000400  000000
00004b0    000000  073403  073567  067006  072145  071542  001544  071157
00004c0    000147  000400  000400  006300  000400  000400  000400  167500
00004d0    002000  114314  006276  064037  041112  004575  000007  000112
00004e0    000000  000112  000000  140000  031237  106101  160000  130430
00004f0    126414  000010  000105  036000  046157  000100  010500  173365
0000500    124300  004252  124300  012252  015600  032400  024000  031064
0000510    152360  000001  000400  000000  000000  000000  073403  073567
0000520    067006  072145  071542  001544  071157  000147  016000  000400
0000530    064037  041112  124741  000012  000146  000000  000146  000000
0000540    160000  130430  126414  140000  031237  106101  000010  000105
0000550    054000  055320  000000  010600  146224  124300  012252  124300
0000560    004252  032400  015600  042000  015537  152360  100201  000400
0000570    000400  000000  000000  073403  073567  067006  072145  071542
0000580    001544  071157  000147  016000  000400  006300  016000  000400
0000590    000400  100121  010000  000440  174004  002000  003400  160002
00005a0    177601  051376  065632  064133  041112  176260  000007  000112
00005b0    000000  000112  000000  140000  031237  106101  160000  130430
00005c0    126414  000010  000105  036000  000000  000100  010500  041545
00005d0    124300  004252  124300  012252  015600  032400  024000  146645
00005e0    034577  000001  000400  000000  000000  000000  073403  073567
00005f0    067006  072145  071542  001544  071157  000147  016000  000400
0000600    064133  041112  177063  000007  000146  000000  000146  000000
0000610    160000  130430  126414  140000  031237  106101  000010  000105
0000620    054000  047724  000000  010600  153620  124300  012252  124300
0000630    004252  032400  015600  042000  171320  034577  100201  000400
0000640    000400  000000  000000  073403  073567  067006  072145  071542
0000650    001544  071157  000147  016000  000400  006300  016000  000400
0000660    000400  042121  010000  000440  174004  002000  003400  160002
0000670    177601  051376  065632  064144  041112  035222  000013  000112
0000680    000000  000112  000000  140000  031237  106101  160000  130430
0000690    126414  000010  000105  036000  000000  000100  010500  041545
00006a0    124300  004252  124300  012252  015600  032400  024000  064615
00006b0    131615  000001  000400  000000  000000  000000  073403  073567
00006c0    063406  067557  066147  001545  067543  000155  016000  000400
00006d0    064144  041112  075454  000013  000136  000000  000136  000000
00006e0    160000  130430  126414  140000  031237  106101  000010  000105
00006f0    050000  066724  000000  010600  140620  124300  012252  124300
0000700    004252  032400  015600  036000  140415  131615  100201  000400
0000710    000400  000000  000000  073403  073567  063406  067557  066147
0000720    001545  067543  000155  016000  000400  006300  002400  000400
0000730    000000  074402  004000  073403  073567  066001  010300  064156
0000740    041112  053246  000005  000114  000000  000114  000000  140000
0000750    031237  106101  160000  130430  126414  000010  000105  037000
0000760    000000  000100  010500  040545  124300  004252  124300  012252
0000770    015600  032400  025000  005075  121334  000001  000400  000000
0000780    000000  000000  073403  073567  066001  063406  067557  066147
0000790    001545  067543  000155  016000  000400  064156  041112  113677
00007a0    000005  000114  000000  000114  000000  160000  130430  126414
00007b0    140000  031237  106101  000010  000105  037000  034725  000000
00007c0    010600  003620  124300  012252  124300  004252  032400  015600
00007d0    025000  104674  121334  100201  000400  000000  000000  000000
00007e0    073403  073567  066001  063406  067557  066147  001545  067543
00007f0    000155  016000  000400  064227  041112  017074  000003  000113
0000800    000000  000113  000000  140000  031237  106101  160000  130430
0000810    126414  000010  000105  036400  000000  000100  010500  041145
0000820    124300  004252  124300  012252  015600  032400  024400  060610
0000830    017674  000001  000400  000000  000000  000000  073403  073567
0000840    062407  060570  070155  062554  061403  066557  000000  000034
0000850    113401  045150  171502  003254  045400  000000  045400  000000
0000860    000000  014340  006261  000255  117700  040462  004214  042400
0000870    000000  153075  000237  100000  107021  140242  125250  140024
0000880    125250  000010  100065  000033  003451  136341  100437  000200
0000890    000001  000000  000000  001400  073567  003567  074145  066541
00008a0    066160  001545  067543  000155  016000  000400  064242  041112
00008b0    101420  000014  000117  000000  000117  000000  140000  031237
00008c0    106101  160000  130430  126414  000010  000105  040400  000000
00008d0    000100  010500  037145  124300  004252  124300  012252  015600
00008e0    032400  026400  024104  066446  000001  000400  000000  000000
00008f0    000000  073403  073567  062407  060570  070155  062554  067007
0000900    072157  064547  064156  000000  000034  121401  045150  150102
0000910    000200  047400  000000  047400  000000  000000  014340  006261
0000920    000255  117700  040462  004214  042400  000000  153501  000056
0000930    100000  107021  140017  125250  140024  125250  000010  100065
0000940    000033  137455  023244  102555  000203  000001  000000  000000
0000950    001400  073567  003567  074145  066541  066160  003545  067556
0000960    063564  067151  000150  016000  000400  064301  041112  012454
0000970    000012  000107  000000  000107  000000  140000  031237  106101
0000980    160000  130430  126414  000010  000105  034400  000000  000100
0000990    010500  043145  124300  004252  124300  012252  015600  032400
00009a0    022400  067102  161776  000001  000400  000000  000000  000000
00009b0    073403  073567  064403  061563  067403  063562  000000  000377
00009c0    140401  045150  144102  005460  071400  000000  071400  000000
00009d0    000000  014340  006261  000255  117700  040462  004214  042400
00009e0    000000  154145  000364  100000  106021  140045  125250  140024
00009f0    125250  000010  100065  000033  145521  177144  100743  000200
0000a00    000001  000002  000000  001400  073567  001567  071551  001543
0000a10    071157  000147  177400  000400  006300  016000  000400  000000
0000a20    054002  010000  000440  174004  000000  001000  000000  000000
0000a30    000000  006400  006300  000400  000400  000000  054002  002000
0000a40    114314  054270  064301  041112  037664  000013  000122  000000
0000a50    000122  000000  140000  031237  106101  160000  130430  126414
0000a60    000010  000105  042000  000000  000100  010500  035545  124300
0000a70    004252  124300  012252  016200  032400  030000  032402  051532
0000a80    000001  000400  000000  000000  000000  030401  030001  030001
0000a90    030403  033462  064407  026556  062141  071144  060404  070162
0000aa0    000141  006000  000400  064301  041112  041000  000013  000151
0000ab0    000000  000151  000000  160000  130430  126414  140000  031237
0000ac0    106101  000010  000105  055400  172730  000000  010600  027214
0000ad0    124300  012252  124300  004252  032400  016200  043400  030371
0000ae0    051532  100205  000400  000400  000000  000000  030401  030001
0000af0    030001  030403  033462  064407  026556  062141  071144  060404
0000b00    070162  000141  006000  000400  006300  006000  000400  000000
0000b10    010016  005400  066011  061557  066141  067550  072163  140400
0000b20    045150  043102  005513  041400  000000  041400  000000  000000
0000b30    117700  040462  000214  014340  006261  004255  042400  000000
0000b40    000065  040000  040000  062421  140112  125250  140010  125250
0000b50    100024  000035  000065  114041  020275  000612  000000  000001
0000b60    000000  000000  001400  071551  001543  071157  000147  001000
0000b70    000400  064301  041112  104332  000013  000201  000000  000201
0000b80    000000  011000  000251  021462  060000  042410  052744  000010
0000b90    000105  071400  157207  000000  010600  112552  124300  034252
0000ba0    006731  014004  125406  032400  057400  170071  067062  000001
0000bb0    000400  000000  000000  000000  057405  062154  070141  057404
0000bc0    061564  013560  062504  060546  066165  026564  064506  071562
0000bd0    026564  064523  062564  047055  066541  003145  071537  072151
0000be0    071545  062002  003143  066537  062163  071543  072413  062564
0000bf0    071554  071571  062564  071555  066005  061557  066141  000000
0000c00    000041  140401  045150  132502  005622  123000  000000  123000
0000c10    000000  000000  014340  006261  000255  117700  040462  004214
0000c20    042400  000000  154230  000367  100000  105421  140357  125250
0000c30    140024  125250  000010  100065  000035  075604  020330  100612
0000c40    000200  000001  000004  000000  001400  071551  001543  071157
0000c50    000147  001000  000400  006300  001000  000400  000000  010016
0000c60    007000  067006  026563  074145  002164  071156  030564  006300
0000c70    006300  001000  000400  000000  010016  007000  067006  026563
0000c80    074145  002164  072163  030550  006300  006300  001000  000400
0000c90    000000  010016  004400  067006  026563  074145  140164  140014
0000ca0    000014  000002  000001  007000  000020  003016  071556  062455
0000cb0    072170  066004  060547  140061  140414  045150  036502  005726
0000cc0    100400  000000  100400  000000  000000  004140  162105  000125
0000cd0    124422  031000  004043  042400  000000  000163  040000  035000
0000ce0    174021  154563  002015  140030  125250  000070  003065  000253
0000cf0    132537  031154  102556  000203  000001  000000  000000  002400
0000d00    066137  060544  002160  072137  070143  042027  063145  072541
0000d10    072154  043055  071151  072163  051455  072151  026545  060516
0000d20    062555  057406  064563  062564  001163  061544  057406  071555
0000d30    061544  005563  072165  066145  074563  072163  066545  002563
0000d40    067554  060543  000154  020400  000400  064301  041112  154314
0000d50    000013  000142  000000  000142  000000  011000  000251  021462
0000d60    060000  042410  052744  000010  000105  052000  170207  000000
0000d70    010600  121152  124300  034252  006731  014004  126006  032400
0000d80    040000  050574  060761  000001  000400  000000  000000  000000
0000d90    057405  062154  070141  057404  061564  001160  061544  057406
0000da0    071555  061544  005563  072165  066145  074563  072163  066545
0000db0    002563  067554  060543  000154  020400  000400  064301  041112
0000dc0    016141  000014  000142  000000  000142  000000  060000  042410
0000dd0    052744  011000  000251  021462  000010  000105  052000  000000
0000de0    000100  010472  111370  006731  014004  124300  034252  032400
0000df0    126006  040000  146767  060761  101605  000400  000000  000000
0000e00    000000  057405  062154  070141  057404  061564  001160  061544
0000e10    057406  071555  061544  005563  072165  066145  074563  072163
0000e20    066545  002563  067554  060543  000154  020400  000400  064301
0000e30    041112  017200  000014  000214  000000  000214  000000  011000
0000e40    000251  021462  060000  042410  052744  000010  000105  077000
0000e50    170607  000000  010600  073552  124300  034252  006731  014004
0000e60    126406  032400  065000  114167  060603  000001  000400  000000
0000e70    000000  000000  057405  062154  070141  057404  061564  022160
0000e80    032460  032542  034462  061062  031455  061064  026470  063064
0000e90    033542  034055  060465  026463  061070  062545  032546  062146
0000ea0    030062  034466  062007  066557  064541  071556  057406  071555
0000eb0    061544  005563  072165  066145  074563  072163  066545  002563
0000ec0    067554  060543  000154  020400  000400  064301  041112  065544
0000ed0    000014  000214  000000  000214  000000  060000  042410  052744
0000ee0    011000  000251  021462  000010  000105  077000  000000  000100
0000ef0    010472  064370  006731  014004  124300  034252  032400  126406
0000f00    065000  012363  060603  101605  000400  000000  000000  000000
0000f10    057405  062154  070141  057404  061564  022160  032460  032542
0000f20    034462  061062  031455  061064  026470  063064  033542  034055
0000f30    060465  026463  061070  062545  032546  062146  030062  034466
0000f40    062007  066557  064541  071556  057406  071555  061544  005563
0000f50    072165  066145  074563  072163  066545  002563  067554  060543
0000f60    000154  020400  000400  064301  041112  174371  000015  000123
0000f70    000000  000123  000000  011000  000251  021462  060000  042410
0000f80    052744  000010  000105  042400  172607  000000  010600  126152
0000f90    124300  034252  006731  014004  127006  032400  030400  106432
0000fa0    060320  000001  000400  000000  000000  000000  043405  044522
0000fb0    046515  072413  062564  071554  071571  062564  071555  066005
0000fc0    061557  066141  000000  000001  140401  045150  012502  007073
0000fd0    051400  000000  051400  000000  000000  004140  162105  000125
0000fe0    124422  031000  004043  042400  000000  000105  040000  035000
0000ff0    174021  154641  002015  140030  125250  000070  003065  000256
0001000    113061  150011  102540  000203  000001  000000  000000  002400
0001010    051107  046511  005515  072165  066145  074563  072163  066545
0001020    002563  067554  060543  000154  000400  000400  064311  041112
0001030    071742  000005  000123  000000  000123  000000  011000  000251
0001040    021462  060000  042410  052744  000010  000105  042400  175607
0001050    000000  010600  123152  124300  034252  006731  014004  127406
0001060    032400  030400  104564  061566  000001  000400  000000  000000
0001070    000000  043405  044522  046515  072413  062564  071554  071571
0001080    062564  071555  066005  061557  066141  000000  000001  144401
0001090    045150  037502  002672  051400  000000  051400  000000  000000
00010a0    004140  162105  000125  124422  031000  004043  042400  000000
00010b0    000105  040000  035000  174021  154641  002015  140030  125250
00010c0    000070  003065  000257  170061  073005  102543  000203  000001
00010d0    000000  000000  002400  051107  046511  005515  072165  066145
00010e0    074563  072163  066545  002563  067554  060543  000154  000400
00010f0    000400                                                        
00010f2
